00000101110101110111111111111111
01000001111101110100000000000000
00000101110101110111111111111111
01000001111001110100000000000000
00000001110100000001111000000000
00000101110101110111111111111101
00000100100000000000000000001010
01000000100001111011111111111111
00000100100100000000000000000110
01000000100101111011111111111110
00111100101001111011111111111111
00111100101101111011111111111110
00010000101000101100000000000000
01011000110011110100000000000000
00000100110100000000000000000010
00011000110000110100000000000000
01011000111011110100000000000000
01000000111001111011111111111101
00111100111101111011111111111101
00000101110101110111111111111111
01000000111101110100000000000000
01101100111100000000000000000000
00000101110101110100000000000001
01100000000000000000000000000000
