00000101110101110111111111111111
01000001111101110100000000000000
00000101110101110111111111111111
01000001111001110100000000000000
00000001110100000001111000000000
00000101110101110111111111110111
00000100100000000000000000000000
01000000100001111011111111110111
00111100100101111011111111110111
00000100101000000000000000000110
01100100100100101000101100000000
01010000101100000000000000001010
01101000110000000000000000000000
00111100110101111011111111110111
00000100100001111011111111111010
00000000100000110100100100000000
01000000110000100100000000000000
00111100111001111011111111110111
00000100111100000000000000000001
00000000111000111101000000000000
01000001000001111011111111110111
01000100000000000000000000001000
01101001000100000000000000000000
01000001000101111011111111111001
00000100100000000000000000000000
00000100100100000000000000000001
00001000100000100100101000000000
01000000101001111011111111111000
00000100101100000000000000000000
01000000101101111011111111110111
00111100110001111011111111110111
00000100110100000000000000000110
01100100110000110100111000000000
01010000111000000000000000010011
00111100111101111011111111110111
00000100101001111011111111111010
00000000101000111100101100000000
00111101000000101100000000000000
00111101000101111011111111111001
00001001000001000100100000000000
01010000100000000000000000000010
00000100100000000000000000000000
01000100000000000000000000101100
00000100100000000000000000000001
01010000100000000000000000000011
00111100100101111011111111110111
01000000100101111011111111111000
01000100000000000000000000110000
00111100101001111011111111110111
00000100101100000000000000000001
00000000101000101100110000000000
01000000110001111011111111110111
01000100000000000000000000011110
00111100110101111011111111111000
00000101110101110111111111111111
01000000110101110100000000000000
01101100110100000000000000000000
00000101110101110100000000000001
01100000000000000000000000000000
