00000101110101110111111111111111
01000001111101110100000000000000
00000101110101110111111111111111
01000001111001110100000000000000
00000001110100000001111000000000
00000101110101110111111111111111
00111100100001111000000000000010
00000100100100000000000000000010
01100100100000100100101000000000
01010000101000000000000000001001
00000100101100000000000000000001
00000000101100000000001000000000
00000001111000000001110100000000
00111101111001110100000000000000
00000101110101110100000000000001
00111101111101110100000000000000
00000101110101110100000000000001
01001001111100000000000000000000
01000100000000000000000000010011
00111100110001111000000000000010
00000100110100000000000000000001
00001000110000110100111000000000
00000101110101110111111111111111
01000000111001110100000000000000
01001100000000000000000000000000
00000101110101110100000000000001
00000000001000000000111100000000
01000000111101111011111111111111
00111101000001111000000000000010
00111101000101111011111111111111
00010001000001000100000000000000
01011000100011110100000000000000
00000000100000000000001000000000
00000001111000000001110100000000
00111101111001110100000000000000
00000101110101110100000000000001
00111101111101110100000000000000
00000101110101110100000000000001
01001001111100000000000000000000
00000101110101110111111111111111
01000001111101110100000000000000
00000101110101110111111111111111
01000001111001110100000000000000
00000001110100000001111000000000
00000101110101110111111111111111
00000100100100000000000000000101
00000101110101110111111111111111
01000000100101110100000000000000
01001100000000000000000000000000
00000101110101110100000000000001
00000000001000000000101000000000
01000000101001111011111111111111
00111100101101111011111111111111
00000101110101110111111111111111
01000000101101110100000000000000
01101100101100000000000000000000
00000101110101110100000000000001
01100000000000000000000000000000
