00000101110101110111111111111111
01000001111101110100000000000000
00000101110101110111111111111111
01000001111001110100000000000000
00000001110100000001111000000000
00111100100001111000000000000010
00000100100100000000000000000000
00001000100000100100101000000000
01010000101000000000000000000010
00000100101000000000000000000000
01000100000000000000000000001100
00000100101000000000000000000001
01010000101000000000000000001001
00111100101101111000000000000011
00000000101100000000001000000000
00000001111000000001110100000000
00111101111001110100000000000000
00000101110101110100000000000001
00111101111101110100000000000000
00000101110101110100000000000001
01001001111100000000000000000000
01000100000000000000000000101110
00111100110001111000000000000010
00000101110101110111111111111111
01000000110001110100000000000000
00111100110101111000000000000011
00111100111001111000000000000011
00111100111101111000000000000010
00011000111000111100000000000000
01011001000011110100000000000000
00111101000101111000000000000010
00010001000001000100000000000000
01011000100011110100000000000000
00001000110100100000100100000000
00000101110101110111111111111111
01000000100101110100000000000000
01001100000000000000000000000000
00000101110101110100000000000010
00000000001000000000101000000000
00000000101000000000001000000000
00000001111000000001110100000000
00111101111001110100000000000000
00000101110101110100000000000001
00111101111101110100000000000000
00000101110101110100000000000001
01001001111100000000000000000000
00000101110101110111111111111111
01000001111101110100000000000000
00000101110101110111111111111111
01000001111001110100000000000000
00000001110100000001111000000000
00000101110101110111111111111110
01101000101100000000000000000000
01000000101101111011111111111111
01101000110000000000000000000000
01000000110001111011111111111110
00111100110101111011111111111111
00000101110101110111111111111111
01000000110101110100000000000000
00111100111001111011111111111110
00000101110101110111111111111111
01000000111001110100000000000000
01001100000000000000000000000000
00000101110101110100000000000010
00000000001000000000111100000000
00000101110101110111111111111111
01000000111101110100000000000000
01101100111100000000000000000000
00000101110101110100000000000001
01100000000000000000000000000000
