00000101110101110111111111111111
01000001111101110100000000000000
00000101110101110111111111111111
01000001111001110100000000000000
00000001110100000001111000000000
00000101110101110111111111111000
00000100100000000000000000000101
00000100100100000000000000000000
00000100101001111011111111111011
00000000101000100100101100000000
01000000100000101100000000000000
00000100101000000000000000000111
00000100101100000000000000000001
00000100110001111011111111111011
00000000110000101100110100000000
01000000101000110100000000000000
00000100110000000000000000001000
00000100110100000000000000000010
00000100111001111011111111111011
00000000111000110100111100000000
01000000110000111100000000000000
00000100111000000000000000001001
00000100111100000000000000000011
00000101000001111011111111111011
00000001000000111101000100000000
01000000111001000100000000000000
00000101000000000000000000000110
00000101000100000000000000000100
00000100100001111011111111111011
00000000100001000100100100000000
01000001000000100100000000000000
00000100100000000000000000000000
01000000100001111011111111111010
00000100100100000000000000000000
01000000100101111011111111111001
00111100101001111011111111111001
00000100101100000000000000000101
01100100101000101100110000000000
01010000110000000000000000001100
00111100110101111011111111111010
00111100111001111011111111111001
00000100101001111011111111111011
00000000101000111000101100000000
00111100111100101100000000000000
00000000110100111101000000000000
01000001000001111011111111111010
00111101000101111011111111111001
00000100100000000000000000000001
00000001000100100000100100000000
01000000100101111011111111111001
01000100000000000000000000100011
00111100101001111011111111111010
00000100101100000000000000000101
00011000101000101100000000000000
01011000110011110100000000000000
01000000110001111011111111111000
00111100110101111011111111111000
00000101110101110111111111111111
01000000110101110100000000000000
01101100110100000000000000000000
00000101110101110100000000000001
01100000000000000000000000000000
