00000101110101110111111111111111
01000001111101110100000000000000
00000101110101110111111111111111
01000001111001110100000000000000
00000001110100000001111000000000
00000101110101110111111111111100
01101000100000000000000000000000
01000000100001111011111111111111
00000100100100000000000000000010
01000000100101111011111111111110
00000100101000000000000000000001
01000000101001111011111111111100
00111100101101111011111111111110
00111100110001111011111111111110
00010000101100110000000000000000
01011000110111110100000000000000
00111100111001111011111111111111
01100100111000110101000000000000
00000101000100000000000000000001
00001001000101000000111100000000
01010000111100000000000000011010
00111100100001111011111111111111
00111100100101111011111111111111
00111100101001111011111111111110
00011000100100101000000000000000
01011000101111110100000000000000
00111100110001111011111111111110
00010000101100110000000000000000
01011000110111110100000000000000
00001000100000110100111000000000
01000000111001111011111111111101
00111100111101111011111111111101
00000101000000000000000000000000
00001000111101000001000100000000
01010001000100000000000000000010
00000101000100000000000000000000
01000100000000000000000000100110
00000101000100000000000000000001
01010001000100000000000000000011
00000100100000000000000000000000
01000000100001111011111111111100
01000100000000000000000000101010
00111100100101111011111111111110
00000100101000000000000000000001
00000000100100101000101100000000
01000000101101111011111111111110
01000100000000000000000000001100
00111100110001111011111111111100
00000101110101110111111111111111
01000000110001110100000000000000
01101100110000000000000000000000
00000101110101110100000000000001
01100000000000000000000000000000
