00000101110101110111111111111111
01000001111101110100000000000000
00000101110101110111111111111111
01000001111001110100000000000000
00000001110100000001111000000000
00000101110101110111111111111100
01101000100000000000000000000000
01000000100001111011111111111111
01101000100100000000000000000000
01000000100101111011111111111110
00000100101000000000000000000001
01000000101001111011111111111101
00000100101100000000000000000000
01000000101101111011111111111100
00111100110001111011111111111100
00111100110101111011111111111110
01100100110000110100111000000000
01010000111000000000000000001010
00111100111101111011111111111101
00111101000001111011111111111111
00010000111101000000000000000000
01011001000111110100000000000000
01000001000101111011111111111101
00111100100001111011111111111100
00000100100100000000000000000001
00000000100000100100101000000000
01000000101001111011111111111100
01000100000000000000000000001110
00111100101101111011111111111101
00000101110101110111111111111111
01000000101101110100000000000000
01101100101100000000000000000000
00000101110101110100000000000001
01100000000000000000000000000000
