00000101110101110111111111111111
01000001111101110100000000000000
00000101110101110111111111111111
01000001111001110100000000000000
00000001110100000001111000000000
00000101110101110111111111111101
00000100100000000000010011010010
01000000100001111011111111111111
00000100100100000000000000000000
01000000100101111011111111111101
00111100101001111011111111111111
00000100101100000000000000000000
01100100101100101000110000000000
01010000110000000000000000010100
00111100110101111011111111111111
00111100111001111011111111111111
00000100111100000000000000001010
00011000111000111100000000000000
01011001000011110100000000000000
00000101000100000000000000001010
00010001000001000100000000000000
01011000100011110100000000000000
00001000110100100000100100000000
01000000100101111011111111111110
00111100101001111011111111111101
00111100101101111011111111111110
00000000101000101100110000000000
01000000110001111011111111111101
00111100110101111011111111111111
00000100111000000000000000001010
00011000110100111000000000000000
01011000111111110100000000000000
01000000111101111011111111111111
01000100000000000000000000001010
00111101000001111011111111111101
00000101110101110111111111111111
01000001000001110100000000000000
01101101000000000000000000000000
00000101110101110100000000000001
01100000000000000000000000000000
