01000100000000000000000001011001
00000111101111011111111111111111
01000011111111010000000000000000
00111101000111010000000000000010
01000001000111000000000000010000
00111101001111010000000000000010
00111101000111010000000000000011
00000001010010000100100000000000
00111101010010100000000000000000
01000001010111000000000000001111
00111101011111010000000000000010
00000101100000000000000000000001
00000001101010110110000000000000
01000001101111000000000000001110
00111101110111000000000000001110
00111101111111010000000000000001
01100110000011100111100000000000
01010010000000000000000000010100
00111110001111000000000000001110
00111101011111010000000000000011
00000001100010111000100000000000
00111101000011000000000000000000
00111101001111000000000000001111
01100101010010000100100000000000
01010001010000000000000000001000
00111101011111000000000000001110
00111101101111010000000000000011
00000001110011010101100000000000
00111101100011100000000000000000
01000001100111000000000000001111
00111101101111000000000000001110
01000001101111000000000000010000
01000100000000000000000000100001
00111101110111000000000000001110
00000101111000000000000000000001
00000010000011100111100000000000
01000010000111000000000000001110
01000100000000000000000000001110
00111110001111000000000000010000
00000000000100010000000000000000
00111111111111010000000000000000
00000111101111010000000000000001
01001011111000000000000000000000
00000111101111011111111111111111
01000011111111010000000000000000
00111101000111010000000000000010
01000001000111000000000000010101
00111101001111000000000000010101
00111101010111010000000000000001
00000101011000000000000000000001
00001001100010100101100000000000
01100101101010010110000000000000
01010001101000000000000000100100
00111101110111010000000000000011
00000111101111011111111111111111
01000001110111010000000000000000
00111101111111000000000000010101
00000111101111011111111111111111
01000001111111010000000000000000
00111110000111010000000000000011
00000111101111011111111111111111
01000010000111010000000000000000
01001100000000000000000000000001
00000111101111010000000000000011
00000010001000000000000000000000
01000010001111000000000000010110
00111101000111000000000000010110
00111101111111010000000000000011
00000010000011110100000000000000
00111101001100000000000000000000
01000001001111000000000000010111
00111101010111000000000000010101
00111110001111010000000000000011
00000001000100010101000000000000
00111101011010000000000000000000
00111101100111000000000000010110
00111101001111010000000000000011
00000001010010010110000000000000
01000001011010100000000000000000
00111101101111000000000000010111
00111101110111000000000000010101
00111101011111010000000000000011
00000001100010110111000000000000
01000001101011000000000000000000
00111101111111000000000000010101
00000110000000000000000000000001
00000010001011111000000000000000
01000010001111000000000000010101
01000100000000000000000000101111
00000111101111011111111111111111
01000011111111010000000000000000
00000101000000000000000000000000
01000001000111000000000000011001
00111101001111000000000000011001
00000101010000000000000000001010
01100101011010010101000000000000
01010001011000000000000000001010
01101000110000000000000000000000
00111101101111000000000000011001
00000101110111000000000000000000
00000001111011100110100000000000
01000001100011110000000000000000
00111101110111000000000000011001
00000101111000000000000000000001
00000010000011100111100000000000
01000010000111000000000000011001
01000100000000000000000001011101
00000110001111000000000000000000
00000111101111011111111111111111
01000010001111010000000000000000
00000101000000000000000000000000
00000111101111011111111111111111
01000001000111010000000000000000
00000101001000000000000000001010
00000111101111011111111111111111
01000001001111010000000000000000
01001100000000000000000000101011
00000111101111010000000000000011
00000101010000000000000000000000
01000001010111000000000000011001
00111101011111000000000000011001
00000101100000000000000000001010
01100101101010110110000000000000
01010001101000000000000000001100
00111101110111000000000000011001
00000110000111000000000000000000
00000010001100000111000000000000
00111101111100010000000000000000
00000111101111011111111111111111
01000001111111010000000000000000
01101100111100000000000000000000
00111110000111000000000000011001
00000110001000000000000000000001
00000001000100001000100000000000
01000001000111000000000000011001
01000100000000000000000001111000
01100000000000000000000000000000
